0 503
1 71
2 587
3 184
4 109
5 399
6 677
7 305
8 1029
9 1003
10 546
11 58
12 855
13 360
14 471
15 699
16 163
17 19
18 764
19 996
20 808
21 154
22 837
23 894
24 1096
25 885
26 435
27 435
28 332
29 157
30 117
31 582
32 38
33 615
34 1092
35 209
36 568
37 647
38 284
39 639
40 973
41 636
42 711
43 591
44 1063
45 1058
46 526
47 1116
48 210
49 210
50 714
51 389
52 1026
53 442
54 149
55 896
56 341
57 261
58 69
59 1054
60 301
61 962
62 839
63 489
64 999
65 5
66 60
67 237
68 564
69 218
70 1079
71 640
72 265
73 813
74 453
75 306
76 1017
77 619
78 1134
79 687
80 760
81 872
82 740
83 345
84 554
85 1133
86 439
87 860
88 138
89 126
90 579
91 992
92 911
93 50
94 0
95 196
96 657
97 196
98 83
99 234
100 83
101 601
102 246
103 1040
104 195
105 270
106 701
107 545
108 68
109 803
110 869
111 869
112 1029
113 947
114 51
115 519
116 61
117 129
118 324
119 61
120 719
121 485
122 256
123 117
124 583
125 741
126 566
127 530
128 679
129 827
130 41
131 793
132 42
133 315
134 611
135 867
136 812
137 1118
138 486
139 158
140 67
141 1076
142 78
143 272
144 191
145 1052
146 739
147 502
148 413
149 786
150 248
151 914
152 877
153 581
154 456
155 377
156 970
157 850
158 735
159 638
160 480
161 429
162 174
163 291
164 208
165 222
166 380
167 877
168 800
169 845
170 93
171 621
172 562
173 290
174 433
175 365
176 238
177 49
178 211
179 400
180 1108
181 570
182 1038
183 570
184 1072
185 682
186 128
187 722
188 448
189 375
190 1060
191 720
192 17
193 845
194 643
195 267
196 997
197 514
198 746
199 291
200 378
201 452
202 715
203 163
204 236
205 57
206 427
207 481
208 518
209 730
210 67
211 1062
212 797
213 530
214 142
215 840
216 761
217 492
218 178
219 169
220 820
221 397
222 625
223 693
224 1066
225 770
226 891
227 1080
228 1080
229 633
230 631
231 463
232 598
233 248
234 421
235 406
236 271
237 902
238 656
239 902
240 655
241 358
242 879
243 1085
244 540
245 794
246 663
247 122
248 1090
249 32
250 103
251 387
252 156
253 95
254 505
255 972
256 456
257 663
258 290
259 667
260 248
261 743
262 898
263 160
264 372
265 956
266 1121
267 279
268 606
269 132
270 708
271 273
272 156
273 669
274 737
275 47
276 531
277 1031
278 317
279 527
280 678
281 686
282 983
283 473
284 147
285 184
286 523
287 843
288 595
289 1042
290 736
291 367
292 1001
293 280
294 946
295 1046
296 766
297 1065
298 464
299 795
300 1084
301 462
302 25
303 625
304 268
305 357
306 107
307 971
308 698
309 403
310 549
311 673
312 1130
313 670
314 1010
315 990
316 646
317 63
318 153
319 186
320 458
321 626
322 754
323 192
324 1095
325 304
326 1115
327 1032
328 106
329 59
330 366
331 833
332 297
333 729
334 28
335 161
336 963
337 79
338 355
339 151
340 359
341 226
342 26
343 995
344 24
345 221
346 328
347 31
348 172
349 184
350 524
351 758
352 322
353 635
354 281
355 325
356 285
357 798
358 490
359 806
360 222
361 143
362 466
363 939
364 53
365 52
366 580
367 536
368 986
369 258
370 702
371 114
372 374
373 987
374 316
375 924
376 224
377 1053
378 239
379 684
380 504
381 111
382 100
383 232
384 37
385 250
386 965
387 469
388 97
389 362
390 278
391 225
392 726
393 551
394 942
395 193
396 502
397 350
398 957
399 576
400 88
401 224
402 1002
403 1002
404 428
405 550
406 934
407 29
408 1047
409 634
410 293
411 723
412 264
413 692
414 835
415 391
416 975
417 565
418 215
419 22
420 622
421 716
422 823
423 528
424 39
425 925
426 962
427 773
428 608
429 16
430 385
431 120
432 228
433 148
434 454
435 577
436 1067
437 703
438 781
439 1055
440 522
441 110
442 1006
443 938
444 200
445 367
446 173
447 179
448 205
449 4
450 757
451 768
452 791
453 268
454 982
455 675
456 728
457 92
458 676
459 543
460 388
461 249
462 339
463 46
464 311
465 767
466 958
467 470
468 748
469 379
470 86
471 1119
472 164
473 164
474 116
475 980
476 569
477 407
478 772
479 931
480 55
481 112
482 1075
483 498
484 508
485 655
486 240
487 426
488 951
489 552
490 923
491 7
492 1071
493 396
494 795
495 193
496 329
497 613
498 905
499 695
500 665
501 635
502 807
503 755
504 217
505 866
506 680
507 152
508 1016
509 44
510 348
511 219
512 547
513 644
514 501
515 771
516 852
517 642
518 995
519 132
520 525
521 1022
522 848
523 630
524 80
525 245
526 846
527 557
528 724
529 18
530 242
531 1113
532 632
533 933
534 323
535 255
536 966
537 489
538 828
539 747
540 206
541 811
542 219
543 759
544 405
545 198
546 412
547 849
548 1124
549 56
550 597
551 637
552 672
553 1088
554 704
555 165
556 482
557 35
558 876
559 482
560 882
561 783
562 425
563 1045
564 41
565 838
566 584
567 607
568 710
569 710
570 428
571 847
572 1015
573 190
574 993
575 251
576 431
577 567
578 132
579 132
580 994
581 375
582 99
583 844
584 668
585 223
586 1030
587 845
588 953
589 286
590 213
591 189
592 138
593 1078
594 253
595 1034
596 253
597 664
598 935
599 185
600 114
601 847
602 220
603 449
604 998
605 70
606 1122
607 202
608 1035
609 125
610 467
611 945
612 75
613 944
614 1114
615 515
616 22
617 64
618 802
619 659
620 929
621 988
622 731
623 39
624 864
625 727
626 227
627 430
628 814
629 905
630 290
631 450
632 869
633 61
634 680
635 18
636 947
637 343
638 162
639 979
640 680
641 73
642 977
643 308
644 562
645 363
646 583
647 67
648 441
649 754
650 530
651 284
652 530
653 69
654 441
655 594
656 441
657 1025
658 27
659 712
660 263
661 166
662 201
663 1
664 920
665 588
666 881
667 943
668 371
669 381
670 815
671 1020
672 513
673 91
674 779
675 873
676 890
677 499
678 681
679 950
680 976
681 113
682 854
683 176
684 155
685 690
686 272
687 925
688 949
689 532
690 767
691 368
692 1005
693 364
694 620
695 928
696 778
697 235
698 868
699 50
700 905
701 666
702 120
703 177
704 682
705 150
706 19
707 494
708 162
709 922
710 56
711 829
712 974
713 190
714 423
715 592
716 556
717 921
718 62
719 729
720 1097
721 533
722 810
723 436
724 80
725 766
726 1028
727 286
728 432
729 700
730 1102
731 950
732 539
733 216
734 128
735 369
736 460
737 247
738 247
739 707
740 1049
741 1049
742 635
743 395
744 310
745 120
746 310
747 136
748 788
749 809
750 713
751 164
752 1123
753 337
754 101
755 354
756 202
757 845
758 175
759 33
760 853
761 48
762 410
763 696
764 649
765 397
766 479
767 685
768 266
769 282
770 319
771 1112
772 501
773 1011
774 1050
775 328
776 1081
777 552
778 552
779 825
780 269
781 14
782 1127
783 690
784 181
785 590
786 517
787 560
788 134
789 841
790 688
791 691
792 24
793 6
794 465
795 120
796 104
797 120
798 1111
799 1089
800 397
801 96
802 548
803 1043
804 1110
805 1110
806 318
807 11
808 139
809 787
810 859
811 890
812 13
813 415
814 787
815 645
816 777
817 222
818 269
819 952
820 35
821 814
822 347
823 237
824 1024
825 145
826 818
827 90
828 252
829 660
830 349
831 472
832 753
833 1128
834 655
835 268
836 225
837 349
838 281
839 836
840 836
841 122
842 393
843 1059
844 805
845 47
846 190
847 190
848 176
849 861
850 594
851 819
852 14
853 991
854 102
855 20
856 20
857 384
858 302
859 302
860 156
861 842
862 45
863 45
864 45
865 331
866 641
867 111
868 838
869 907
870 664
871 915
872 1082
873 373
874 1009
875 829
876 1105
877 742
878 899
879 121
880 187
881 183
882 864
883 864
884 887
885 77
886 563
887 312
888 3
889 1109
890 424
891 327
892 133
893 771
894 523
895 831
896 312
897 630
898 831
899 307
900 561
901 107
902 944
903 575
904 423
905 756
906 765
907 334
908 72
909 673
910 124
911 940
912 636
913 930
914 804
915 884
916 884
917 968
918 1129
919 1074
920 446
921 610
922 926
923 488
924 1004
925 214
926 9
927 572
928 572
929 861
930 819
931 140
932 1021
933 225
934 104
935 870
936 420
937 905
938 913
939 537
940 1082
941 725
942 1037
943 822
944 589
945 782
946 782
947 574
948 127
949 172
950 733
951 614
952 67
953 23
954 67
955 228
956 258
957 906
958 296
959 863
960 863
961 939
962 444
963 678
964 1013
965 74
966 294
967 752
968 542
969 123
970 1087
971 571
972 451
973 596
974 596
975 520
976 883
977 614
978 323
979 618
980 104
981 952
982 89
983 459
984 491
985 478
986 23
987 18
988 18
989 969
990 18
991 1073
992 98
993 300
994 180
995 905
996 575
997 171
998 952
999 276
1000 2
1001 569
1002 131
1003 600
1004 776
1005 309
1006 166
1007 461
1008 525
1009 694
1010 635
1011 635
1012 635
1013 1039
1014 86
1015 230
1016 180
1017 558
1018 559
1019 203
1020 723
1021 553
1022 553
1023 558
1024 254
1025 1119
1026 401
1027 394
1028 401
1029 243
1030 77
1031 307
1032 307
1033 84
1034 501
1035 717
1036 260
1037 168
1038 523
1039 937
1040 937
1041 824
1042 819
1043 182
1044 170
1045 197
1046 908
1047 1101
1048 321
1049 1056
1050 18
1051 901
1052 323
1053 790
1054 222
1055 826
1056 604
1057 151
1058 453
1059 829
1060 241
1061 241
1062 438
1063 438
1064 212
1065 15
1066 87
1067 851
1068 954
1069 520
1070 6
1071 475
1072 814
1073 905
1074 905
1075 338
1076 979
1077 353
1078 603
1079 67
1080 67
1081 560
1082 474
1083 30
1084 1091
1085 593
1086 593
1087 277
1088 589
1089 20
1090 166
1091 309
1092 967
1093 313
1094 313
1095 954
1096 313
1097 790
1098 216
1099 128
1100 1039
1101 1041
1102 825
1103 586
1104 342
1105 342
1106 314
1107 890
1108 98
1109 1033
1110 1033
1111 472
1112 299
1113 40
1114 612
1115 166
1116 533
1117 14
1118 889
1119 487
1120 506
1121 627
1122 952
1123 856
1124 89
1125 43
1126 658
1127 792
1128 243
1129 260
1130 897
1131 732
1132 275
1133 418
1134 418
