0 503
1 697
2 925
3 697
4 697
5 305
6 697
7 697
8 719
9 0
10 195
11 999
12 1014
13 305
14 208
15 305
16 305
17 389
18 305
19 996
20 360
21 71
22 879
23 208
24 305
25 697
26 275
27 275
28 114
29 855
30 1023
31 996
32 697
33 697
34 697
35 1006
36 109
37 267
38 305
39 341
40 714
41 697
42 114
43 714
44 209
45 109
46 697
47 222
48 8
49 210
50 714
51 697
52 697
53 1001
54 195
55 714
56 618
57 389
58 389
59 1054
60 697
61 999
62 389
63 305
64 1006
65 1006
66 208
67 389
68 1092
69 773
70 1010
71 58
72 999
73 71
74 773
75 557
76 625
77 622
78 588
79 855
80 697
81 208
82 956
83 595
84 769
85 58
86 225
87 208
88 1006
89 429
90 222
91 697
92 681
93 855
94 1092
95 208
96 208
97 305
98 697
99 360
100 697
101 58
102 389
103 736
104 1006
105 305
106 697
107 210
108 52
109 803
110 450
111 450
112 450
113 450
114 450
115 662
116 450
117 662
118 519
119 1048
120 454
121 413
122 210
123 49
124 305
125 71
126 390
127 808
128 588
129 595
130 282
131 71
132 999
133 52
134 855
135 681
136 1007
137 208
138 273
139 208
140 290
141 985
142 697
143 222
144 1060
145 697
146 714
147 1066
148 595
149 672
150 58
151 999
152 305
153 1053
154 75
155 588
156 625
157 278
158 305
159 209
160 697
161 222
162 1116
163 697
164 208
165 16
166 855
167 380
168 855
169 16
170 904
171 305
172 305
173 208
174 71
175 365
176 208
177 855
178 208
179 521
180 437
181 437
182 315
183 437
184 1072
185 785
186 785
187 1033
188 360
189 708
190 195
191 208
192 972
193 192
194 124
195 209
196 115
197 124
198 124
199 208
200 208
201 855
202 208
203 208
204 1014
205 855
206 1060
207 855
208 284
209 855
210 510
211 389
212 114
213 208
214 413
215 855
216 71
217 672
218 681
219 208
220 208
221 361
222 625
223 225
224 956
225 693
226 225
227 83
228 83
229 83
230 71
231 360
232 380
233 161
234 985
235 360
236 681
237 284
238 1118
239 361
240 681
241 208
242 594
243 208
244 69
245 879
246 879
247 985
248 779
249 985
250 52
251 669
252 985
253 779
254 505
255 785
256 17
257 681
258 754
259 271
260 1055
261 714
262 389
263 0
264 372
265 595
266 714
267 588
268 1072
269 380
270 225
271 1014
272 234
273 731
274 621
275 611
276 594
277 1060
278 354
279 39
280 316
281 266
282 209
283 16
284 594
285 16
286 773
287 1072
288 588
289 380
290 769
291 1006
292 999
293 943
294 1046
295 773
296 71
297 677
298 225
299 71
300 1092
301 999
302 697
303 225
304 659
305 659
306 659
307 208
308 698
309 227
310 549
311 580
312 222
313 990
314 1014
315 681
316 681
317 681
318 681
319 271
320 1049
321 208
322 290
323 673
324 195
325 855
326 601
327 437
328 352
329 936
330 236
331 79
332 390
333 622
334 642
335 52
336 760
337 466
338 588
339 830
340 208
341 1115
342 1116
343 969
344 595
345 677
346 1072
347 592
348 365
349 16
350 621
351 832
352 1014
353 16
354 1014
355 222
356 222
357 1008
358 1008
359 372
360 1008
361 1008
362 595
363 1113
364 830
365 739
366 580
367 684
368 684
369 580
370 702
371 693
372 677
373 389
374 305
375 719
376 210
377 1053
378 208
379 894
380 69
381 208
382 341
383 232
384 208
385 773
386 1115
387 891
388 150
389 1033
390 75
391 770
392 702
393 389
394 389
395 390
396 595
397 588
398 702
399 1092
400 697
401 677
402 677
403 677
404 736
405 594
406 405
407 389
408 708
409 124
410 779
411 594
412 405
413 58
414 855
415 681
416 9
417 855
418 208
419 389
420 714
421 389
422 208
423 58
424 594
425 580
426 208
427 1053
428 1054
429 16
430 1008
431 16
432 1008
433 804
434 773
435 855
436 85
437 208
438 781
439 150
440 1113
441 1087
442 1006
443 938
444 1088
445 785
446 1006
447 785
448 785
449 659
450 757
451 227
452 659
453 357
454 389
455 16
456 290
457 1006
458 1006
459 290
460 354
461 290
462 16
463 662
464 773
465 773
466 773
467 557
468 773
469 120
470 1055
471 1119
472 713
473 713
474 713
475 713
476 713
477 713
478 713
479 840
480 1048
481 713
482 380
483 69
484 195
485 773
486 611
487 1077
488 389
489 773
490 69
491 234
492 389
493 746
494 316
495 390
496 707
497 842
498 468
499 736
500 429
501 71
502 999
503 1023
504 1023
505 760
506 662
507 150
508 662
509 544
510 380
511 609
512 380
513 380
514 150
515 557
516 773
517 642
518 150
519 918
520 525
521 525
522 588
523 630
524 855
525 696
526 956
527 150
528 601
529 150
530 1060
531 943
532 672
533 482
534 482
535 672
536 17
537 956
538 413
539 943
540 773
541 482
542 740
543 269
544 785
545 1053
546 1014
547 354
548 389
549 258
550 482
551 588
552 588
553 1088
554 943
555 588
556 482
557 672
558 943
559 943
560 781
561 672
562 381
563 588
564 672
565 381
566 672
567 672
568 943
569 943
570 225
571 357
572 914
573 588
574 482
575 251
576 802
577 1102
578 145
579 145
580 702
581 621
582 150
583 773
584 773
585 773
586 601
587 246
588 49
589 246
590 754
591 40
592 410
593 429
594 681
595 9
596 681
597 681
598 1008
599 372
600 225
601 209
602 1001
603 367
604 681
605 656
606 208
607 855
608 50
609 855
610 361
611 990
612 1014
613 659
614 1014
615 714
616 389
617 677
618 736
619 785
620 785
621 659
622 972
623 357
624 357
625 357
626 785
627 208
628 595
629 361
630 365
631 662
632 450
633 450
634 803
635 150
636 450
637 450
638 16
639 662
640 773
641 17
642 910
643 588
644 58
645 1115
646 208
647 365
648 647
649 850
650 479
651 361
652 788
653 671
654 271
655 571
656 79
657 943
658 1113
659 956
660 632
661 672
662 588
663 672
664 588
665 588
666 630
667 943
668 588
669 588
670 482
671 630
672 588
673 124
674 16
675 873
676 16
677 904
678 681
679 681
680 681
681 681
682 681
683 9
684 681
685 1115
686 3
687 1014
688 1118
689 50
690 361
691 361
692 290
693 754
694 1102
695 914
696 202
697 779
698 868
699 50
700 238
701 1008
702 16
703 9
704 769
705 150
706 594
707 181
708 594
709 594
710 292
711 829
712 884
713 625
714 482
715 225
716 588
717 482
718 943
719 956
720 943
721 943
722 943
723 1053
724 1033
725 190
726 474
727 246
728 389
729 305
730 208
731 681
732 943
733 482
734 150
735 50
736 1014
737 16
738 1049
739 707
740 1049
741 1049
742 16
743 16
744 16
745 16
746 16
747 16
748 855
749 671
750 354
751 1033
752 1033
753 910
754 208
755 354
756 16
757 594
758 222
759 1130
760 58
761 768
762 893
763 1006
764 208
765 158
766 361
767 87
768 671
769 785
770 713
771 547
772 360
773 208
774 111
775 999
776 360
777 16
778 16
779 588
780 413
781 9
782 361
783 357
784 192
785 258
786 779
787 184
788 124
789 688
790 124
791 1093
792 1049
793 904
794 465
795 16
796 16
797 16
798 1111
799 354
800 530
801 96
802 85
803 450
804 849
805 849
806 849
807 694
808 357
809 413
810 596
811 208
812 1066
813 413
814 956
815 413
816 413
817 956
818 413
819 292
820 588
821 818
822 713
823 656
824 482
825 943
826 681
827 681
828 681
829 1006
830 769
831 472
832 428
833 482
834 595
835 831
836 595
837 428
838 943
839 482
840 207
841 985
842 669
843 17
844 16
845 683
846 290
847 290
848 681
849 9
850 286
851 681
852 9
853 754
854 188
855 290
856 290
857 1008
858 1014
859 208
860 779
861 1130
862 310
863 310
864 310
865 961
866 208
867 33
868 372
869 429
870 717
871 258
872 760
873 258
874 258
875 258
876 630
877 749
878 190
879 943
880 354
881 145
882 145
883 145
884 970
885 354
886 354
887 1093
888 3
889 354
890 849
891 849
892 39
893 479
894 479
895 831
896 960
897 630
898 831
899 840
900 713
901 831
902 831
903 1006
904 943
905 381
906 595
907 802
908 754
909 124
910 124
911 124
912 688
913 981
914 769
915 884
916 884
917 9
918 9
919 24
920 927
921 927
922 927
923 9
924 9
925 9
926 927
927 9
928 9
929 9
930 681
931 855
932 15
933 904
934 928
935 104
936 642
937 578
938 381
939 474
940 53
941 1115
942 1053
943 1115
944 773
945 1115
946 1115
947 1115
948 1115
949 418
950 208
951 904
952 679
953 1120
954 608
955 1120
956 281
957 702
958 936
959 936
960 936
961 482
962 1113
963 128
964 634
965 560
966 124
967 1113
968 909
969 10
970 349
971 292
972 361
973 596
974 596
975 246
976 904
977 904
978 334
979 890
980 120
981 85
982 773
983 85
984 773
985 85
986 85
987 651
988 651
989 651
990 651
991 651
992 604
993 71
994 180
995 862
996 783
997 145
998 85
999 85
1000 849
1001 713
1002 609
1003 855
1004 1014
1005 801
1006 242
1007 461
1008 1119
1009 849
1010 107
1011 475
1012 320
1013 354
1014 411
1015 320
1016 744
1017 48
1018 290
1019 290
1020 1048
1021 1048
1022 1048
1023 290
1024 461
1025 1027
1026 713
1027 598
1028 569
1029 1088
1030 849
1031 181
1032 181
1033 759
1034 605
1035 1049
1036 652
1037 429
1038 736
1039 480
1040 480
1041 361
1042 681
1043 288
1044 849
1045 450
1046 440
1047 773
1048 165
1049 207
1050 651
1051 145
1052 207
1053 482
1054 482
1055 207
1056 482
1057 773
1058 393
1059 829
1060 258
1061 258
1062 292
1063 292
1064 1088
1065 1098
1066 431
1067 308
1068 140
1069 50
1070 611
1071 961
1072 1098
1073 578
1074 309
1075 544
1076 856
1077 340
1078 330
1079 862
1080 857
1081 1083
1082 338
1083 277
1084 831
1085 927
1086 927
1087 445
1088 431
1089 959
1090 796
1091 309
1092 744
1093 978
1094 978
1095 821
1096 978
1097 482
1098 607
1099 411
1100 354
1101 275
1102 445
1103 87
1104 558
1105 558
1106 1093
1107 1093
1108 472
1109 533
1110 533
1111 1028
1112 832
1113 410
1114 1044
1115 331
1116 1098
1117 9
1118 277
1119 254
1120 487
1121 1071
1122 94
1123 277
1124 352
1125 801
1126 242
1127 354
1128 260
1129 330
1130 832
1131 84
1132 275
1133 277
1134 277
