0 503
1 71
2 587
3 184
4 109
5 399
6 677
7 305
8 324
9 1003
10 546
11 58
12 1014
13 360
14 471
15 699
16 163
17 19
18 1103
19 996
20 808
21 154
22 235
23 894
24 1096
25 885
26 435
27 435
28 332
29 157
30 117
31 582
32 38
33 615
34 1092
35 209
36 568
37 647
38 284
39 639
40 973
41 636
42 711
43 591
44 1063
45 1058
46 526
47 1116
48 210
49 210
50 714
51 389
52 1026
53 442
54 149
55 896
56 341
57 261
58 69
59 1054
60 301
61 962
62 839
63 489
64 999
65 5
66 60
67 237
68 564
69 218
70 1079
71 640
72 265
73 813
74 453
75 306
76 1017
77 619
78 1134
79 687
80 760
81 872
82 740
83 345
84 139
85 1133
86 439
87 860
88 138
89 126
90 579
91 973
92 911
93 50
94 0
95 462
96 657
97 196
98 83
99 234
100 447
101 248
102 246
103 1040
104 195
105 270
106 701
107 545
108 68
109 803
110 1070
111 869
112 1029
113 324
114 324
115 519
116 1070
117 129
118 324
119 500
120 719
121 485
122 256
123 157
124 583
125 741
126 566
127 1033
128 679
129 827
130 41
131 832
132 42
133 315
134 611
135 867
136 812
137 1118
138 486
139 158
140 67
141 1076
142 78
143 272
144 191
145 1052
146 739
147 584
148 413
149 786
150 248
151 914
152 877
153 581
154 456
155 377
156 970
157 850
158 735
159 638
160 480
161 429
162 174
163 291
164 208
165 222
166 380
167 877
168 800
169 845
170 1108
171 621
172 562
173 290
174 433
175 365
176 238
177 49
178 211
179 400
180 1108
181 1108
182 1038
183 1108
184 1072
185 682
186 128
187 722
188 448
189 375
190 1060
191 720
192 17
193 594
194 643
195 267
196 997
197 746
198 746
199 699
200 378
201 452
202 715
203 937
204 236
205 57
206 427
207 481
208 518
209 730
210 518
211 1062
212 797
213 530
214 142
215 840
216 761
217 492
218 178
219 169
220 332
221 397
222 625
223 693
224 1066
225 770
226 891
227 1080
228 1080
229 1080
230 631
231 463
232 1036
233 656
234 122
235 406
236 271
237 902
238 656
239 902
240 655
241 358
242 879
243 1085
244 540
245 794
246 122
247 122
248 517
249 32
250 452
251 997
252 156
253 387
254 505
255 972
256 456
257 663
258 706
259 667
260 910
261 743
262 898
263 160
264 372
265 956
266 1121
267 279
268 290
269 132
270 708
271 273
272 156
273 147
274 737
275 47
276 531
277 1031
278 527
279 527
280 678
281 686
282 983
283 473
284 147
285 184
286 495
287 843
288 595
289 1042
290 736
291 367
292 1001
293 280
294 918
295 1046
296 766
297 1065
298 464
299 0
300 1084
301 462
302 25
303 874
304 159
305 357
306 159
307 971
308 698
309 403
310 549
311 673
312 1130
313 670
314 1010
315 990
316 646
317 1034
318 153
319 186
320 458
321 626
322 754
323 192
324 1095
325 812
326 1115
327 1032
328 106
329 59
330 366
331 833
332 297
333 729
334 28
335 161
336 963
337 79
338 1031
339 151
340 359
341 226
342 26
343 989
344 417
345 221
346 872
347 31
348 172
349 184
350 524
351 758
352 322
353 635
354 798
355 325
356 285
357 935
358 490
359 806
360 1008
361 185
362 466
363 939
364 53
365 963
366 580
367 536
368 986
369 295
370 237
371 114
372 374
373 987
374 316
375 924
376 1065
377 1053
378 239
379 457
380 504
381 111
382 921
383 232
384 292
385 250
386 965
387 469
388 97
389 362
390 278
391 1131
392 726
393 551
394 942
395 390
396 502
397 350
398 957
399 576
400 88
401 123
402 224
403 224
404 618
405 550
406 934
407 29
408 1047
409 634
410 293
411 723
412 264
413 692
414 835
415 391
416 975
417 565
418 215
419 22
420 622
421 716
422 823
423 528
424 39
425 940
426 962
427 773
428 608
429 16
430 385
431 937
432 228
433 941
434 454
435 577
436 1067
437 703
438 702
439 1055
440 522
441 764
442 1006
443 938
444 769
445 282
446 173
447 944
448 205
449 4
450 757
451 768
452 791
453 268
454 982
455 675
456 728
457 92
458 676
459 543
460 388
461 249
462 339
463 46
464 311
465 767
466 958
467 470
468 748
469 379
470 86
471 1119
472 1036
473 2
474 116
475 980
476 569
477 164
478 772
479 931
480 55
481 931
482 164
483 498
484 508
485 534
486 240
487 426
488 501
489 552
490 923
491 7
492 1071
493 396
494 795
495 193
496 329
497 613
498 950
499 695
500 665
501 635
502 807
503 755
504 217
505 866
506 680
507 152
508 1016
509 11
510 348
511 219
512 1036
513 644
514 501
515 771
516 852
517 642
518 995
519 858
520 525
521 1022
522 848
523 630
524 80
525 245
526 415
527 557
528 724
529 989
530 524
531 1113
532 632
533 933
534 323
535 255
536 966
537 489
538 828
539 747
540 206
541 811
542 198
543 1108
544 128
545 198
546 412
547 849
548 1124
549 56
550 597
551 637
552 672
553 1088
554 704
555 165
556 482
557 876
558 876
559 751
560 882
561 783
562 425
563 1045
564 417
565 207
566 607
567 607
568 710
569 607
570 428
571 847
572 1015
573 190
574 993
575 251
576 431
577 567
578 132
579 132
580 994
581 375
582 99
583 844
584 668
585 668
586 1030
587 504
588 953
589 432
590 213
591 189
592 119
593 1013
594 253
595 1034
596 126
597 664
598 228
599 185
600 174
601 847
602 220
603 449
604 998
605 70
606 1122
607 202
608 1035
609 125
610 467
611 670
612 75
613 944
614 1114
615 515
616 56
617 64
618 802
619 659
620 929
621 988
622 731
623 159
624 268
625 727
626 227
627 430
628 355
629 905
630 147
631 450
632 869
633 869
634 680
635 995
636 869
637 343
638 392
639 979
640 343
641 73
642 977
643 308
644 566
645 782
646 750
647 812
648 441
649 794
650 530
651 359
652 414
653 549
654 549
655 474
656 183
657 1025
658 27
659 712
660 263
661 108
662 679
663 679
664 920
665 588
666 881
667 943
668 371
669 381
670 815
671 1020
672 513
673 91
674 779
675 868
676 890
677 499
678 681
679 950
680 976
681 426
682 854
683 176
684 155
685 690
686 272
687 925
688 949
689 532
690 767
691 368
692 1005
693 364
694 620
695 928
696 778
697 235
698 868
699 1107
700 440
701 806
702 384
703 177
704 698
705 150
706 19
707 494
708 922
709 264
710 951
711 829
712 974
713 786
714 497
715 592
716 556
717 921
718 862
719 729
720 1097
721 356
722 64
723 1038
724 1107
725 766
726 1028
727 504
728 432
729 700
730 1102
731 426
732 539
733 216
734 128
735 369
736 504
737 666
738 247
739 707
740 1049
741 1049
742 635
743 1039
744 461
745 461
746 310
747 77
748 788
749 788
750 713
751 164
752 1123
753 700
754 238
755 354
756 1117
757 504
758 239
759 239
760 853
761 48
762 410
763 696
764 649
765 397
766 479
767 685
768 266
769 4
770 1107
771 1112
772 105
773 406
774 1050
775 328
776 1081
777 552
778 552
779 825
780 375
781 903
782 1127
783 690
784 1009
785 590
786 517
787 560
788 134
789 841
790 514
791 691
792 24
793 6
794 465
795 120
796 886
797 684
798 82
799 1039
800 397
801 96
802 548
803 1043
804 81
805 1110
806 318
807 11
808 139
809 777
810 859
811 890
812 13
813 415
814 13
815 645
816 777
817 928
818 269
819 952
820 332
821 814
822 347
823 602
824 1024
825 145
826 818
827 90
828 252
829 660
830 349
831 472
832 753
833 1128
834 655
835 201
836 225
837 1131
838 281
839 878
840 836
841 451
842 517
843 1059
844 805
845 262
846 190
847 190
848 1034
849 861
850 594
851 819
852 14
853 991
854 102
855 20
856 20
857 384
858 302
859 302
860 298
861 842
862 45
863 45
864 45
865 378
866 641
867 1106
868 806
869 1013
870 78
871 915
872 257
873 373
874 1009
875 986
876 1105
877 742
878 899
879 121
880 77
881 864
882 12
883 864
884 887
885 77
886 77
887 312
888 3
889 1109
890 424
891 327
892 133
893 495
894 495
895 831
896 312
897 960
898 146
899 705
900 561
901 320
902 988
903 575
904 423
905 321
906 857
907 334
908 72
909 52
910 124
911 940
912 866
913 930
914 752
915 762
916 884
917 1034
918 975
919 1074
920 446
921 178
922 926
923 488
924 1004
925 214
926 9
927 861
928 861
929 861
930 819
931 140
932 1021
933 698
934 104
935 870
936 420
937 397
938 913
939 537
940 1082
941 725
942 1037
943 725
944 589
945 782
946 782
947 725
948 127
949 567
950 733
951 610
952 67
953 417
954 774
955 283
956 258
957 906
958 863
959 863
960 863
961 423
962 444
963 678
964 590
965 182
966 294
967 752
968 131
969 123
970 1087
971 571
972 451
973 596
974 596
975 504
976 883
977 614
978 323
979 618
980 461
981 952
982 89
983 459
984 491
985 478
986 23
987 651
988 651
989 969
990 651
991 651
992 98
993 300
994 180
995 905
996 203
997 171
998 559
999 276
1000 955
1001 1061
1002 131
1003 1089
1004 776
1005 340
1006 166
1007 461
1008 875
1009 694
1010 937
1011 937
1012 937
1013 1039
1014 86
1015 864
1016 676
1017 230
1018 559
1019 203
1020 723
1021 137
1022 137
1023 558
1024 254
1025 1119
1026 401
1027 394
1028 561
1029 243
1030 1039
1031 705
1032 705
1033 84
1034 692
1035 717
1036 260
1037 819
1038 523
1039 937
1040 937
1041 824
1042 819
1043 182
1044 170
1045 197
1046 908
1047 1101
1048 321
1049 423
1050 99
1051 851
1052 1025
1053 790
1054 222
1055 878
1056 489
1057 1101
1058 453
1059 241
1060 438
1061 241
1062 438
1063 438
1064 212
1065 15
1066 87
1067 851
1068 313
1069 504
1070 774
1071 475
1072 1020
1073 397
1074 905
1075 338
1076 410
1077 353
1078 603
1079 272
1080 67
1081 335
1082 531
1083 707
1084 1091
1085 593
1086 593
1087 277
1088 1119
1089 674
1090 620
1091 309
1092 986
1093 908
1094 908
1095 829
1096 908
1097 1125
1098 599
1099 988
1100 1039
1101 1041
1102 883
1103 586
1104 342
1105 342
1106 314
1107 890
1108 98
1109 1033
1110 1033
1111 650
1112 859
1113 156
1114 300
1115 312
1116 533
1117 572
1118 689
1119 487
1120 506
1121 627
1122 559
1123 24
1124 197
1125 335
1126 658
1127 1039
1128 243
1129 260
1130 489
1131 40
1132 275
1133 418
1134 418
