0 503
1 71
2 587
3 1058
4 38
5 399
6 319
7 305
8 1070
9 1003
10 546
11 58
12 656
13 360
14 471
15 699
16 941
17 19
18 764
19 996
20 808
21 154
22 837
23 894
24 1096
25 885
26 435
27 435
28 332
29 157
30 117
31 582
32 38
33 615
34 1092
35 209
36 53
37 647
38 284
39 639
40 973
41 305
42 711
43 591
44 1063
45 1058
46 526
47 1116
48 8
49 210
50 714
51 389
52 38
53 442
54 149
55 896
56 341
57 261
58 69
59 1054
60 301
61 962
62 839
63 489
64 999
65 188
66 60
67 237
68 564
69 218
70 1079
71 640
72 265
73 813
74 453
75 306
76 1017
77 619
78 1134
79 687
80 963
81 872
82 740
83 345
84 554
85 1133
86 439
87 860
88 760
89 126
90 579
91 992
92 911
93 50
94 0
95 439
96 657
97 196
98 83
99 234
100 1058
101 601
102 246
103 1040
104 195
105 270
106 701
107 545
108 68
109 500
110 1070
111 869
112 1070
113 947
114 61
115 869
116 869
117 129
118 1070
119 500
120 680
121 485
122 256
123 117
124 583
125 741
126 566
127 1118
128 679
129 827
130 41
131 832
132 42
133 315
134 611
135 867
136 812
137 1118
138 486
139 620
140 67
141 1076
142 78
143 272
144 191
145 1052
146 739
147 1045
148 413
149 786
150 248
151 914
152 877
153 581
154 456
155 377
156 970
157 948
158 735
159 638
160 480
161 429
162 174
163 291
164 208
165 222
166 380
167 877
168 800
169 845
170 883
171 621
172 562
173 317
174 433
175 365
176 238
177 316
178 211
179 400
180 1038
181 1038
182 1038
183 1038
184 1072
185 682
186 128
187 722
188 448
189 375
190 270
191 720
192 17
193 1007
194 643
195 267
196 997
197 514
198 746
199 1052
200 378
201 452
202 715
203 160
204 236
205 57
206 427
207 481
208 873
209 103
210 39
211 1062
212 797
213 530
214 797
215 840
216 761
217 1134
218 178
219 169
220 671
221 1022
222 625
223 693
224 1066
225 770
226 891
227 1080
228 416
229 416
230 631
231 463
232 598
233 32
234 421
235 406
236 178
237 902
238 656
239 902
240 655
241 358
242 879
243 1085
244 540
245 293
246 663
247 122
248 1090
249 32
250 103
251 387
252 298
253 95
254 505
255 972
256 141
257 663
258 208
259 1013
260 493
261 743
262 898
263 160
264 372
265 956
266 1121
267 279
268 606
269 422
270 708
271 273
272 156
273 669
274 737
275 47
276 531
277 1035
278 317
279 527
280 678
281 686
282 983
283 473
284 147
285 172
286 495
287 843
288 595
289 1042
290 382
291 367
292 304
293 65
294 946
295 1046
296 766
297 1065
298 464
299 795
300 1065
301 462
302 270
303 625
304 268
305 874
306 874
307 486
308 698
309 159
310 549
311 673
312 1130
313 670
314 1010
315 271
316 646
317 63
318 153
319 63
320 458
321 626
322 754
323 37
324 1095
325 304
326 1115
327 1032
328 106
329 59
330 449
331 833
332 297
333 709
334 28
335 161
336 963
337 79
338 1031
339 148
340 359
341 226
342 26
343 995
344 30
345 221
346 328
347 31
348 172
349 172
350 524
351 758
352 322
353 635
354 185
355 385
356 1116
357 228
358 185
359 185
360 385
361 143
362 466
363 444
364 53
365 717
366 580
367 536
368 986
369 258
370 702
371 114
372 374
373 987
374 316
375 924
376 901
377 1053
378 239
379 684
380 504
381 273
382 528
383 232
384 872
385 250
386 965
387 618
388 97
389 362
390 90
391 1131
392 726
393 551
394 942
395 613
396 502
397 350
398 957
399 576
400 88
401 123
402 1002
403 1002
404 618
405 550
406 934
407 29
408 431
409 294
410 1090
411 723
412 264
413 692
414 835
415 391
416 975
417 565
418 215
419 22
420 622
421 716
422 823
423 528
424 39
425 925
426 277
427 773
428 608
429 16
430 385
431 496
432 228
433 962
434 454
435 577
436 1067
437 703
438 781
439 1055
440 747
441 148
442 1006
443 938
444 200
445 874
446 173
447 128
448 205
449 929
450 757
451 768
452 791
453 268
454 982
455 675
456 728
457 92
458 676
459 543
460 388
461 249
462 339
463 129
464 311
465 668
466 767
467 1055
468 748
469 379
470 86
471 1119
472 164
473 2
474 116
475 980
476 569
477 407
478 772
479 931
480 55
481 569
482 1075
483 498
484 508
485 534
486 240
487 426
488 1124
489 552
490 923
491 919
492 648
493 105
494 795
495 193
496 509
497 613
498 397
499 874
500 665
501 635
502 807
503 755
504 168
505 1082
506 680
507 152
508 1016
509 1043
510 348
511 219
512 547
513 644
514 662
515 771
516 852
517 18
518 995
519 858
520 525
521 1022
522 848
523 630
524 80
525 245
526 846
527 557
528 724
529 969
530 899
531 1113
532 632
533 933
534 323
535 255
536 966
537 489
538 485
539 747
540 552
541 811
542 450
543 810
544 128
545 198
546 843
547 16
548 1124
549 22
550 597
551 637
552 672
553 1088
554 704
555 142
556 482
557 1000
558 876
559 710
560 882
561 797
562 425
563 1045
564 417
565 838
566 781
567 607
568 710
569 607
570 428
571 847
572 1015
573 190
574 993
575 251
576 431
577 567
578 132
579 132
580 994
581 375
582 99
583 844
584 668
585 668
586 1030
587 648
588 953
589 648
590 213
591 54
592 612
593 819
594 646
595 1034
596 646
597 664
598 228
599 185
600 653
601 847
602 220
603 449
604 998
605 70
606 1122
607 451
608 1035
609 125
610 451
611 945
612 75
613 944
614 1114
615 515
616 22
617 64
618 802
619 659
620 929
621 944
622 731
623 12
624 268
625 320
626 12
627 430
628 814
629 397
630 290
631 450
632 869
633 61
634 680
635 152
636 947
637 343
638 52
639 979
640 680
641 73
642 977
643 308
644 175
645 127
646 451
647 67
648 441
649 794
650 530
651 565
652 414
653 17
654 441
655 594
656 872
657 1025
658 27
659 712
660 263
661 108
662 417
663 1
664 142
665 371
666 165
667 740
668 371
669 381
670 815
671 881
672 604
673 91
674 779
675 873
676 890
677 499
678 681
679 950
680 976
681 950
682 155
683 757
684 155
685 964
686 272
687 925
688 949
689 987
690 767
691 368
692 1005
693 574
694 620
695 928
696 778
697 235
698 868
699 788
700 440
701 285
702 74
703 864
704 874
705 150
706 19
707 603
708 162
709 162
710 56
711 829
712 974
713 604
714 423
715 308
716 556
717 921
718 62
719 729
720 1097
721 255
722 439
723 436
724 1107
725 766
726 1028
727 432
728 432
729 700
730 1102
731 426
732 512
733 216
734 984
735 369
736 504
737 1099
738 817
739 707
740 1049
741 1049
742 635
743 395
744 310
745 120
746 310
747 395
748 788
749 809
750 713
751 644
752 1123
753 516
754 942
755 354
756 661
757 661
758 175
759 370
760 853
761 500
762 410
763 696
764 649
765 397
766 479
767 685
768 266
769 282
770 561
771 1112
772 501
773 1011
774 1005
775 328
776 1081
777 616
778 616
779 825
780 680
781 214
782 1127
783 48
784 986
785 590
786 517
787 560
788 580
789 841
790 134
791 688
792 277
793 6
794 465
795 120
796 449
797 120
798 581
799 1039
800 397
801 147
802 548
803 1043
804 318
805 1110
806 356
807 11
808 139
809 787
810 859
811 890
812 787
813 415
814 787
815 645
816 777
817 775
818 269
819 952
820 464
821 814
822 347
823 237
824 1024
825 899
826 818
827 90
828 252
829 660
830 349
831 472
832 753
833 1128
834 655
835 693
836 225
837 821
838 281
839 826
840 836
841 663
842 393
843 1059
844 805
845 444
846 190
847 190
848 252
849 861
850 594
851 819
852 818
853 991
854 173
855 543
856 543
857 806
858 302
859 819
860 1090
861 1130
862 45
863 45
864 878
865 43
866 641
867 183
868 912
869 168
870 717
871 915
872 336
873 373
874 241
875 336
876 1105
877 356
878 899
879 121
880 187
881 183
882 864
883 864
884 887
885 395
886 77
887 312
888 3
889 1109
890 443
891 327
892 133
893 523
894 523
895 831
896 10
897 960
898 146
899 705
900 561
901 357
902 727
903 203
904 281
905 756
906 765
907 334
908 486
909 37
910 940
911 294
912 1013
913 930
914 496
915 884
916 884
917 1034
918 814
919 253
920 446
921 610
922 926
923 488
924 929
925 572
926 9
927 9
928 9
929 1104
930 819
931 53
932 475
933 331
934 104
935 870
936 420
937 397
938 913
939 537
940 1082
941 725
942 1037
943 822
944 589
945 782
946 127
947 127
948 127
949 172
950 1005
951 1116
952 67
953 89
954 707
955 384
956 22
957 906
958 863
959 863
960 863
961 444
962 444
963 998
964 1013
965 1013
966 294
967 752
968 925
969 765
970 1087
971 571
972 451
973 596
974 596
975 520
976 883
977 43
978 323
979 618
980 254
981 952
982 89
983 459
984 491
985 478
986 23
987 1126
988 1126
989 1126
990 651
991 651
992 765
993 300
994 180
995 397
996 43
997 171
998 952
999 276
1000 985
1001 116
1002 108
1003 600
1004 776
1005 467
1006 166
1007 461
1008 875
1009 694
1010 471
1011 1082
1012 1082
1013 1039
1014 86
1015 331
1016 675
1017 290
1018 314
1019 203
1020 553
1021 553
1022 553
1023 249
1024 875
1025 379
1026 401
1027 394
1028 401
1029 243
1030 77
1031 705
1032 705
1033 84
1034 398
1035 664
1036 260
1037 819
1038 523
1039 93
1040 93
1041 824
1042 819
1043 182
1044 170
1045 197
1046 908
1047 1101
1048 321
1049 815
1050 152
1051 901
1052 734
1053 790
1054 222
1055 826
1056 604
1057 151
1058 453
1059 967
1060 986
1061 373
1062 438
1063 438
1064 212
1065 15
1066 87
1067 851
1068 313
1069 520
1070 612
1071 475
1072 814
1073 397
1074 397
1075 197
1076 64
1077 353
1078 603
1079 67
1080 67
1081 500
1082 474
1083 108
1084 589
1085 277
1086 277
1087 277
1088 767
1089 501
1090 15
1091 309
1092 967
1093 1069
1094 1069
1095 967
1096 1069
1097 423
1098 614
1099 1059
1100 1039
1101 1041
1102 523
1103 586
1104 342
1105 342
1106 314
1107 890
1108 98
1109 1033
1110 1033
1111 650
1112 299
1113 516
1114 296
1115 936
1116 533
1117 567
1118 140
1119 487
1120 506
1121 627
1122 952
1123 689
1124 89
1125 43
1126 658
1127 77
1128 243
1129 260
1130 604
1131 313
1132 586
1133 418
1134 418
