0 503
1 71
2 587
3 447
4 109
5 399
6 319
7 305
8 263
9 1003
10 546
11 58
12 855
13 360
14 471
15 699
16 163
17 19
18 764
19 210
20 808
21 154
22 837
23 894
24 1096
25 885
26 435
27 435
28 332
29 157
30 117
31 582
32 38
33 615
34 1092
35 209
36 568
37 647
38 284
39 639
40 973
41 636
42 711
43 591
44 1063
45 1058
46 526
47 1116
48 210
49 210
50 714
51 389
52 1026
53 442
54 149
55 896
56 341
57 261
58 69
59 1054
60 301
61 962
62 839
63 489
64 999
65 5
66 60
67 237
68 564
69 218
70 1079
71 640
72 265
73 813
74 453
75 306
76 1017
77 619
78 1134
79 687
80 760
81 872
82 740
83 345
84 431
85 1133
86 439
87 860
88 138
89 126
90 579
91 992
92 911
93 50
94 0
95 751
96 852
97 196
98 83
99 234
100 101
101 601
102 246
103 917
104 195
105 270
106 701
107 545
108 68
109 803
110 1070
111 333
112 1029
113 409
114 409
115 519
116 865
117 129
118 324
119 500
120 719
121 485
122 256
123 117
124 583
125 741
126 193
127 50
128 455
129 827
130 41
131 832
132 42
133 315
134 611
135 867
136 812
137 1118
138 486
139 158
140 1098
141 1076
142 78
143 272
144 191
145 1052
146 739
147 1134
148 413
149 1000
150 248
151 914
152 877
153 581
154 456
155 377
156 970
157 850
158 638
159 638
160 480
161 429
162 174
163 291
164 208
165 222
166 380
167 877
168 800
169 845
170 125
171 621
172 562
173 290
174 433
175 365
176 238
177 49
178 211
179 400
180 1108
181 1108
182 1038
183 1108
184 1072
185 682
186 128
187 722
188 448
189 375
190 1060
191 720
192 17
193 594
194 643
195 267
196 997
197 514
198 746
199 738
200 378
201 452
202 715
203 383
204 385
205 687
206 427
207 481
208 518
209 730
210 593
211 1062
212 797
213 530
214 142
215 840
216 761
217 1134
218 178
219 169
220 820
221 535
222 625
223 770
224 1066
225 770
226 891
227 1080
228 1080
229 1080
230 631
231 463
232 598
233 512
234 421
235 406
236 271
237 902
238 656
239 359
240 655
241 358
242 879
243 1085
244 540
245 794
246 122
247 122
248 1090
249 32
250 103
251 387
252 156
253 95
254 505
255 917
256 456
257 663
258 671
259 667
260 910
261 743
262 898
263 160
264 372
265 956
266 1121
267 279
268 606
269 422
270 708
271 273
272 156
273 669
274 737
275 47
276 531
277 708
278 317
279 527
280 678
281 686
282 983
283 473
284 147
285 184
286 495
287 843
288 595
289 1042
290 736
291 367
292 1001
293 280
294 946
295 1046
296 766
297 1065
298 464
299 944
300 1084
301 462
302 25
303 770
304 441
305 357
306 159
307 971
308 698
309 403
310 549
311 673
312 1130
313 670
314 1010
315 990
316 646
317 945
318 153
319 186
320 458
321 626
322 754
323 192
324 1095
325 304
326 1115
327 1032
328 106
329 59
330 992
331 833
332 297
333 729
334 28
335 161
336 963
337 79
338 1031
339 148
340 359
341 226
342 26
343 18
344 1
345 221
346 328
347 172
348 172
349 184
350 524
351 758
352 322
353 272
354 281
355 325
356 285
357 798
358 490
359 806
360 385
361 228
362 466
363 939
364 53
365 53
366 580
367 536
368 986
369 258
370 702
371 114
372 374
373 987
374 316
375 924
376 287
377 1053
378 239
379 684
380 504
381 111
382 933
383 232
384 202
385 250
386 965
387 864
388 995
389 362
390 278
391 733
392 726
393 551
394 942
395 390
396 502
397 350
398 957
399 576
400 88
401 123
402 224
403 224
404 341
405 550
406 934
407 29
408 1047
409 634
410 293
411 723
412 264
413 692
414 835
415 391
416 975
417 565
418 215
419 22
420 622
421 716
422 823
423 528
424 39
425 925
426 962
427 773
428 608
429 16
430 385
431 120
432 228
433 706
434 454
435 577
436 1067
437 703
438 781
439 1055
440 522
441 100
442 1006
443 938
444 200
445 753
446 173
447 179
448 205
449 4
450 757
451 768
452 682
453 268
454 982
455 675
456 728
457 92
458 676
459 543
460 388
461 249
462 339
463 46
464 311
465 767
466 958
467 470
468 748
469 379
470 86
471 1119
472 1036
473 2
474 116
475 980
476 1094
477 407
478 772
479 931
480 55
481 112
482 1075
483 498
484 508
485 655
486 240
487 426
488 951
489 552
490 923
491 7
492 1071
493 396
494 795
495 193
496 329
497 613
498 468
499 695
500 665
501 635
502 807
503 755
504 217
505 866
506 680
507 152
508 1016
509 44
510 348
511 409
512 547
513 644
514 501
515 662
516 852
517 642
518 995
519 858
520 525
521 525
522 848
523 630
524 80
525 612
526 415
527 984
528 724
529 989
530 619
531 1113
532 632
533 933
534 712
535 255
536 966
537 489
538 828
539 747
540 206
541 811
542 629
543 759
544 128
545 198
546 412
547 849
548 1124
549 56
550 597
551 637
552 672
553 1088
554 704
555 307
556 482
557 35
558 876
559 1100
560 882
561 783
562 425
563 1045
564 417
565 838
566 690
567 607
568 482
569 607
570 428
571 341
572 1015
573 848
574 993
575 251
576 431
577 567
578 132
579 132
580 994
581 375
582 99
583 844
584 223
585 223
586 1030
587 661
588 953
589 648
590 213
591 189
592 303
593 819
594 253
595 1034
596 253
597 664
598 935
599 798
600 881
601 847
602 220
603 449
604 998
605 70
606 1122
607 202
608 1035
609 125
610 467
611 945
612 75
613 944
614 480
615 515
616 37
617 64
618 802
619 659
620 929
621 988
622 731
623 864
624 268
625 320
626 227
627 430
628 355
629 289
630 359
631 450
632 869
633 869
634 680
635 969
636 947
637 947
638 120
639 979
640 343
641 73
642 977
643 308
644 789
645 127
646 750
647 578
648 441
649 538
650 530
651 685
652 414
653 164
654 1019
655 1019
656 864
657 1025
658 27
659 933
660 280
661 1
662 201
663 1
664 920
665 881
666 881
667 943
668 371
669 381
670 815
671 1020
672 513
673 91
674 779
675 873
676 890
677 499
678 681
679 950
680 976
681 948
682 854
683 176
684 155
685 690
686 272
687 1120
688 949
689 532
690 767
691 767
692 1005
693 364
694 620
695 928
696 778
697 235
698 868
699 164
700 664
701 798
702 817
703 177
704 268
705 150
706 19
707 494
708 162
709 162
710 56
711 829
712 974
713 190
714 423
715 464
716 556
717 921
718 62
719 729
720 1097
721 556
722 810
723 436
724 80
725 870
726 235
727 286
728 432
729 700
730 1102
731 33
732 539
733 216
734 557
735 369
736 460
737 817
738 247
739 707
740 1049
741 1049
742 817
743 395
744 120
745 120
746 310
747 395
748 788
749 809
750 713
751 644
752 970
753 909
754 594
755 354
756 1117
757 825
758 175
759 33
760 853
761 48
762 410
763 696
764 649
765 397
766 479
767 685
768 266
769 282
770 1094
771 1112
772 501
773 1011
774 1050
775 328
776 1081
777 552
778 552
779 825
780 274
781 903
782 1127
783 259
784 181
785 590
786 517
787 560
788 134
789 841
790 688
791 691
792 24
793 6
794 465
795 120
796 487
797 487
798 461
799 395
800 397
801 96
802 548
803 1043
804 81
805 1110
806 318
807 11
808 139
809 777
810 859
811 430
812 13
813 415
814 787
815 645
816 777
817 404
818 269
819 952
820 800
821 814
822 347
823 237
824 629
825 881
826 818
827 90
828 252
829 660
830 349
831 472
832 753
833 1128
834 752
835 268
836 225
837 1131
838 281
839 878
840 836
841 451
842 393
843 1059
844 805
845 408
846 190
847 190
848 945
849 861
850 745
851 244
852 14
853 991
854 102
855 20
856 888
857 384
858 302
859 302
860 156
861 45
862 45
863 45
864 45
865 43
866 641
867 712
868 185
869 907
870 664
871 915
872 53
873 373
874 1009
875 336
876 1105
877 742
878 899
879 121
880 187
881 268
882 864
883 864
884 887
885 136
886 563
887 312
888 3
889 1109
890 424
891 327
892 133
893 771
894 771
895 146
896 312
897 960
898 146
899 307
900 561
901 320
902 107
903 575
904 423
905 423
906 765
907 212
908 72
909 1083
910 124
911 940
912 930
913 930
914 1130
915 762
916 884
917 968
918 814
919 1074
920 1074
921 610
922 926
923 488
924 1004
925 214
926 9
927 1104
928 1104
929 861
930 1078
931 140
932 801
933 637
934 104
935 870
936 870
937 905
938 913
939 537
940 1082
941 725
942 1037
943 725
944 589
945 782
946 782
947 822
948 127
949 172
950 733
951 614
952 679
953 468
954 862
955 120
956 258
957 906
958 296
959 296
960 863
961 939
962 444
963 678
964 1013
965 217
966 294
967 752
968 542
969 118
970 1018
971 571
972 451
973 287
974 287
975 520
976 883
977 959
978 323
979 618
980 254
981 952
982 1101
983 459
984 491
985 478
986 23
987 651
988 651
989 969
990 1126
991 1073
992 98
993 300
994 180
995 905
996 889
997 171
998 471
999 276
1000 1061
1001 1061
1002 475
1003 600
1004 776
1005 565
1006 166
1007 461
1008 875
1009 424
1010 383
1011 383
1012 383
1013 1039
1014 86
1015 230
1016 180
1017 927
1018 559
1019 203
1020 723
1021 553
1022 553
1023 558
1024 254
1025 86
1026 401
1027 1036
1028 1132
1029 243
1030 1039
1031 493
1032 493
1033 84
1034 1030
1035 717
1036 344
1037 819
1038 802
1039 832
1040 832
1041 824
1042 819
1043 348
1044 170
1045 197
1046 908
1047 1101
1048 321
1049 912
1050 411
1051 851
1052 323
1053 790
1054 222
1055 826
1056 604
1057 223
1058 453
1059 829
1060 241
1061 241
1062 438
1063 438
1064 212
1065 1100
1066 87
1067 851
1068 313
1069 460
1070 471
1071 475
1072 355
1073 905
1074 905
1075 338
1076 979
1077 353
1078 603
1079 1049
1080 715
1081 560
1082 330
1083 759
1084 1020
1085 927
1086 927
1087 277
1088 552
1089 197
1090 166
1091 309
1092 954
1093 1068
1094 1068
1095 954
1096 1068
1097 599
1098 599
1099 1059
1100 792
1101 1041
1102 825
1103 586
1104 342
1105 342
1106 314
1107 890
1108 98
1109 1033
1110 1033
1111 650
1112 299
1113 156
1114 612
1115 166
1116 533
1117 1074
1118 821
1119 487
1120 870
1121 627
1122 471
1123 691
1124 1016
1125 834
1126 658
1127 1039
1128 243
1129 260
1130 897
1131 313
1132 275
1133 418
1134 418
0 503
1 71
2 587
3 447
4 109
5 399
6 319
7 305
8 263
9 1003
10 546
11 58
12 855
13 360
14 471
15 699
16 163
17 19
18 764
19 210
20 808
21 154
22 837
23 894
24 1096
25 885
26 435
27 435
28 332
29 157
30 117
31 582
32 38
33 615
34 1092
35 209
36 568
37 647
38 284
39 639
40 973
41 636
42 711
43 591
44 1063
45 1058
46 526
47 1116
48 210
49 210
50 714
51 389
52 1026
53 442
54 149
55 896
56 341
57 261
58 69
59 1054
60 301
61 962
62 839
63 489
64 999
65 5
66 60
67 237
68 564
69 218
70 1079
71 640
72 265
73 813
74 453
75 306
76 1017
77 619
78 1134
79 687
80 760
81 872
82 740
83 345
84 431
85 1133
86 439
87 860
88 138
89 126
90 579
91 992
92 911
93 50
94 0
95 751
96 852
97 196
98 83
99 234
100 101
101 601
102 246
103 917
104 195
105 270
106 701
107 545
108 68
109 803
110 1070
111 333
112 1029
113 409
114 409
115 519
116 865
117 129
118 324
119 500
120 719
121 485
122 256
123 117
124 583
125 741
126 193
127 50
128 455
129 827
130 41
131 832
132 42
133 315
134 611
135 867
136 812
137 1118
138 486
139 158
140 1098
141 1076
142 78
143 272
144 191
145 1052
146 739
147 1134
148 413
149 1000
150 248
151 914
152 877
153 581
154 456
155 377
156 970
157 850
158 638
159 638
160 480
161 429
162 174
163 291
164 208
165 222
166 380
167 877
168 800
169 845
170 125
171 621
172 562
173 290
174 433
175 365
176 238
177 49
178 211
179 400
180 1108
181 1108
182 1038
183 1108
184 1072
185 682
186 128
187 722
188 448
189 375
190 1060
191 720
192 17
193 594
194 643
195 267
196 997
197 514
198 746
199 738
200 378
201 452
202 715
203 383
204 385
205 687
206 427
207 481
208 518
209 730
210 593
211 1062
212 797
213 530
214 142
215 840
216 761
217 1134
218 178
219 169
220 820
221 535
222 625
223 770
224 1066
225 770
226 891
227 1080
228 1080
229 1080
230 631
231 463
232 598
233 512
234 421
235 406
236 271
237 902
238 656
239 359
240 655
241 358
242 879
243 1085
244 540
245 794
246 122
247 122
248 1090
249 32
250 103
251 387
252 156
253 95
254 505
255 917
256 456
257 663
258 671
259 667
260 910
261 743
262 898
263 160
264 372
265 956
266 1121
267 279
268 606
269 422
270 708
271 273
272 156
273 669
274 737
275 47
276 531
277 708
278 317
279 527
280 678
281 686
282 983
283 473
284 147
285 184
286 495
287 843
288 595
289 1042
290 736
291 367
292 1001
293 280
294 946
295 1046
296 766
297 1065
298 464
299 944
300 1084
301 462
302 25
303 770
304 441
305 357
306 159
307 971
308 698
309 403
310 549
311 673
312 1130
313 670
314 1010
315 990
316 646
317 945
318 153
319 186
320 458
321 626
322 754
323 192
324 1095
325 304
326 1115
327 1032
328 106
329 59
330 992
331 833
332 297
333 729
334 28
335 161
336 963
337 79
338 1031
339 148
340 359
341 226
342 26
343 18
344 1
345 221
346 328
347 172
348 172
349 184
350 524
351 758
352 322
353 272
354 281
355 325
356 285
357 798
358 490
359 806
360 385
361 228
362 466
363 939
364 53
365 53
366 580
367 536
368 986
369 258
370 702
371 114
372 374
373 987
374 316
375 924
376 287
377 1053
378 239
379 684
380 504
381 111
382 933
383 232
384 202
385 250
386 965
387 864
388 995
389 362
390 278
391 733
392 726
393 551
394 942
395 390
396 502
397 350
398 957
399 576
400 88
401 123
402 224
403 224
404 341
405 550
406 934
407 29
408 1047
409 634
410 293
411 723
412 264
413 692
414 835
415 391
416 975
417 565
418 215
419 22
420 622
421 716
422 823
423 528
424 39
425 925
426 962
427 773
428 608
429 16
430 385
431 120
432 228
433 706
434 454
435 577
436 1067
437 703
438 781
439 1055
440 522
441 100
442 1006
443 938
444 200
445 753
446 173
447 179
448 205
449 4
450 757
451 768
452 682
453 268
454 982
455 675
456 728
457 92
458 676
459 543
460 388
461 249
462 339
463 46
464 311
465 767
466 958
467 470
468 748
469 379
470 86
471 1119
472 1036
473 2
474 116
475 980
476 1094
477 407
478 772
479 931
480 55
481 112
482 1075
483 498
484 508
485 655
486 240
487 426
488 951
489 552
490 923
491 7
492 1071
493 396
494 795
495 193
496 329
497 613
498 468
499 695
500 665
501 635
502 807
503 755
504 217
505 866
506 680
507 152
508 1016
509 44
510 348
511 409
512 547
513 644
514 501
515 662
516 852
517 642
518 995
519 858
520 525
521 525
522 848
523 630
524 80
525 612
526 415
527 984
528 724
529 989
530 619
531 1113
532 632
533 933
534 712
535 255
536 966
537 489
538 828
539 747
540 206
541 811
542 629
543 759
544 128
545 198
546 412
547 849
548 1124
549 56
550 597
551 637
552 672
553 1088
554 704
555 307
556 482
557 35
558 876
559 1100
560 882
561 783
562 425
563 1045
564 417
565 838
566 690
567 607
568 482
569 607
570 428
571 341
572 1015
573 848
574 993
575 251
576 431
577 567
578 132
579 132
580 994
581 375
582 99
583 844
584 223
585 223
586 1030
587 661
588 953
589 648
590 213
591 189
592 303
593 819
594 253
595 1034
596 253
597 664
598 935
599 798
600 881
601 847
602 220
603 449
604 998
605 70
606 1122
607 202
608 1035
609 125
610 467
611 945
612 75
613 944
614 480
615 515
616 37
617 64
618 802
619 659
620 929
621 988
622 731
623 864
624 268
625 320
626 227
627 430
628 355
629 289
630 359
631 450
632 869
633 869
634 680
635 969
636 947
637 947
638 120
639 979
640 343
641 73
642 977
643 308
644 789
645 127
646 750
647 578
648 441
649 538
650 530
651 685
652 414
653 164
654 1019
655 1019
656 864
657 1025
658 27
659 933
660 280
661 1
662 201
663 1
664 920
665 881
666 881
667 943
668 371
669 381
670 815
671 1020
672 513
673 91
674 779
675 873
676 890
677 499
678 681
679 950
680 976
681 948
682 854
683 176
684 155
685 690
686 272
687 1120
688 949
689 532
690 767
691 767
692 1005
693 364
694 620
695 928
696 778
697 235
698 868
699 164
700 664
701 798
702 817
703 177
704 268
705 150
706 19
707 494
708 162
709 162
710 56
711 829
712 974
713 190
714 423
715 464
716 556
717 921
718 62
719 729
720 1097
721 556
722 810
723 436
724 80
725 870
726 235
727 286
728 432
729 700
730 1102
731 33
732 539
733 216
734 557
735 369
736 460
737 817
738 247
739 707
740 1049
741 1049
742 817
743 395
744 120
745 120
746 310
747 395
748 788
749 809
750 713
751 644
752 970
753 909
754 594
755 354
756 1117
757 825
758 175
759 33
760 853
761 48
762 410
763 696
764 649
765 397
766 479
767 685
768 266
769 282
770 1094
771 1112
772 501
773 1011
774 1050
775 328
776 1081
777 552
778 552
779 825
780 274
781 903
782 1127
783 259
784 181
785 590
786 517
787 560
788 134
789 841
790 688
791 691
792 24
793 6
794 465
795 120
796 487
797 487
798 461
799 395
800 397
801 96
802 548
803 1043
804 81
805 1110
806 318
807 11
808 139
809 777
810 859
811 430
812 13
813 415
814 787
815 645
816 777
817 404
818 269
819 952
820 800
821 814
822 347
823 237
824 629
825 881
826 818
827 90
828 252
829 660
830 349
831 472
832 753
833 1128
834 752
835 268
836 225
837 1131
838 281
839 878
840 836
841 451
842 393
843 1059
844 805
845 408
846 190
847 190
848 945
849 861
850 745
851 244
852 14
853 991
854 102
855 20
856 888
857 384
858 302
859 302
860 156
861 45
862 45
863 45
864 45
865 43
866 641
867 712
868 185
869 907
870 664
871 915
872 53
873 373
874 1009
875 336
876 1105
877 742
878 899
879 121
880 187
881 268
882 864
883 864
884 887
885 136
886 563
887 312
888 3
889 1109
890 424
891 327
892 133
893 771
894 771
895 146
896 312
897 960
898 146
899 307
900 561
901 320
902 107
903 575
904 423
905 423
906 765
907 212
908 72
909 1083
910 124
911 940
912 930
913 930
914 1130
915 762
916 884
917 968
918 814
919 1074
920 1074
921 610
922 926
923 488
924 1004
925 214
926 9
927 1104
928 1104
929 861
930 1078
931 140
932 801
933 637
934 104
935 870
936 870
937 905
938 913
939 537
940 1082
941 725
942 1037
943 725
944 589
945 782
946 782
947 822
948 127
949 172
950 733
951 614
952 679
953 468
954 862
955 120
956 258
957 906
958 296
959 296
960 863
961 939
962 444
963 678
964 1013
965 217
966 294
967 752
968 542
969 118
970 1018
971 571
972 451
973 287
974 287
975 520
976 883
977 959
978 323
979 618
980 254
981 952
982 1101
983 459
984 491
985 478
986 23
987 651
988 651
989 969
990 1126
991 1073
992 98
993 300
994 180
995 905
996 889
997 171
998 471
999 276
1000 1061
1001 1061
1002 475
1003 600
1004 776
1005 565
1006 166
1007 461
1008 875
1009 424
1010 383
1011 383
1012 383
1013 1039
1014 86
1015 230
1016 180
1017 927
1018 559
1019 203
1020 723
1021 553
1022 553
1023 558
1024 254
1025 86
1026 401
1027 1036
1028 1132
1029 243
1030 1039
1031 493
1032 493
1033 84
1034 1030
1035 717
1036 344
1037 819
1038 802
1039 832
1040 832
1041 824
1042 819
1043 348
1044 170
1045 197
1046 908
1047 1101
1048 321
1049 912
1050 411
1051 851
1052 323
1053 790
1054 222
1055 826
1056 604
1057 223
1058 453
1059 829
1060 241
1061 241
1062 438
1063 438
1064 212
1065 1100
1066 87
1067 851
1068 313
1069 460
1070 471
1071 475
1072 355
1073 905
1074 905
1075 338
1076 979
1077 353
1078 603
1079 1049
1080 715
1081 560
1082 330
1083 759
1084 1020
1085 927
1086 927
1087 277
1088 552
1089 197
1090 166
1091 309
1092 954
1093 1068
1094 1068
1095 954
1096 1068
1097 599
1098 599
1099 1059
1100 792
1101 1041
1102 825
1103 586
1104 342
1105 342
1106 314
1107 890
1108 98
1109 1033
1110 1033
1111 650
1112 299
1113 156
1114 612
1115 166
1116 533
1117 1074
1118 821
1119 487
1120 870
1121 627
1122 471
1123 691
1124 1016
1125 834
1126 658
1127 1039
1128 243
1129 260
1130 897
1131 313
1132 275
1133 418
1134 418
0 503
1 71
2 587
3 184
4 38
5 399
6 319
7 305
8 324
9 1003
10 546
11 58
12 800
13 360
14 471
15 699
16 163
17 19
18 764
19 996
20 808
21 154
22 837
23 894
24 1096
25 885
26 435
27 435
28 332
29 157
30 1023
31 582
32 109
33 615
34 1092
35 209
36 568
37 647
38 284
39 172
40 973
41 639
42 711
43 591
44 1063
45 1058
46 526
47 1116
48 210
49 210
50 714
51 389
52 996
53 442
54 149
55 896
56 341
57 261
58 69
59 1054
60 301
61 962
62 839
63 489
64 999
65 5
66 60
67 237
68 564
69 218
70 1079
71 640
72 265
73 813
74 453
75 306
76 1017
77 619
78 1134
79 687
80 760
81 872
82 740
83 345
84 554
85 1133
86 439
87 860
88 760
89 126
90 579
91 992
92 911
93 50
94 0
95 872
96 657
97 196
98 83
99 234
100 75
101 601
102 246
103 1040
104 195
105 270
106 701
107 545
108 512
109 803
110 333
111 869
112 324
113 409
114 409
115 519
116 1070
117 129
118 324
119 500
120 719
121 485
122 485
123 117
124 583
125 741
126 566
127 1122
128 679
129 827
130 731
131 832
132 42
133 315
134 611
135 867
136 812
137 1118
138 486
139 158
140 67
141 1076
142 78
143 370
144 191
145 1052
146 739
147 584
148 413
149 786
150 248
151 914
152 877
153 581
154 456
155 377
156 970
157 850
158 1114
159 638
160 480
161 429
162 174
163 291
164 208
165 222
166 380
167 877
168 800
169 845
170 275
171 621
172 562
173 290
174 433
175 365
176 238
177 49
178 211
179 400
180 493
181 493
182 1038
183 570
184 1072
185 682
186 128
187 722
188 448
189 375
190 1060
191 720
192 17
193 75
194 514
195 267
196 997
197 514
198 514
199 699
200 378
201 452
202 715
203 452
204 236
205 57
206 115
207 481
208 518
209 730
210 739
211 1062
212 797
213 1122
214 413
215 840
216 761
217 492
218 178
219 169
220 820
221 21
222 625
223 693
224 1066
225 770
226 891
227 1080
228 1080
229 1080
230 631
231 463
232 598
233 248
234 421
235 406
236 271
237 902
238 656
239 902
240 655
241 358
242 879
243 1085
244 540
245 794
246 663
247 235
248 1090
249 122
250 103
251 387
252 156
253 95
254 505
255 972
256 456
257 663
258 1122
259 667
260 1038
261 743
262 898
263 160
264 372
265 956
266 1121
267 413
268 606
269 422
270 708
271 273
272 156
273 669
274 737
275 47
276 147
277 110
278 317
279 527
280 678
281 686
282 983
283 473
284 147
285 184
286 495
287 843
288 595
289 1042
290 736
291 367
292 1001
293 65
294 946
295 1046
296 766
297 1065
298 464
299 576
300 1084
301 462
302 25
303 625
304 392
305 159
306 698
307 971
308 698
309 403
310 549
311 673
312 1130
313 670
314 1010
315 990
316 646
317 63
318 153
319 186
320 458
321 626
322 754
323 192
324 1095
325 304
326 1115
327 1032
328 230
329 59
330 366
331 833
332 297
333 709
334 28
335 161
336 1082
337 79
338 1031
339 151
340 359
341 226
342 26
343 18
344 30
345 221
346 328
347 31
348 172
349 184
350 524
351 526
352 322
353 1099
354 281
355 325
356 617
357 798
358 490
359 806
360 385
361 143
362 466
363 444
364 53
365 1013
366 940
367 536
368 986
369 258
370 1133
371 114
372 374
373 987
374 316
375 924
376 1084
377 1053
378 239
379 684
380 504
381 111
382 11
383 232
384 292
385 250
386 965
387 456
388 97
389 362
390 278
391 521
392 726
393 551
394 942
395 390
396 502
397 350
398 957
399 896
400 88
401 123
402 224
403 224
404 382
405 550
406 934
407 29
408 1047
409 634
410 517
411 723
412 264
413 692
414 835
415 391
416 975
417 565
418 215
419 22
420 622
421 716
422 823
423 528
424 39
425 925
426 962
427 773
428 608
429 16
430 385
431 283
432 228
433 941
434 454
435 577
436 1067
437 703
438 881
439 1055
440 444
441 941
442 1006
443 938
444 200
445 753
446 173
447 659
448 205
449 4
450 757
451 768
452 791
453 268
454 982
455 675
456 728
457 92
458 676
459 543
460 388
461 249
462 339
463 46
464 311
465 552
466 958
467 470
468 748
469 379
470 86
471 1119
472 164
473 164
474 116
475 980
476 112
477 407
478 772
479 931
480 772
481 112
482 1075
483 635
484 508
485 655
486 240
487 426
488 258
489 552
490 923
491 953
492 795
493 396
494 795
495 193
496 329
497 613
498 21
499 695
500 665
501 635
502 807
503 755
504 217
505 1082
506 680
507 152
508 1016
509 11
510 348
511 219
512 547
513 644
514 1057
515 771
516 852
517 642
518 995
519 858
520 525
521 525
522 797
523 630
524 80
525 245
526 846
527 557
528 724
529 995
530 1015
531 1113
532 632
533 933
534 323
535 255
536 966
537 489
538 828
539 712
540 223
541 811
542 629
543 629
544 970
545 198
546 412
547 849
548 1124
549 56
550 207
551 637
552 672
553 1088
554 704
555 165
556 482
557 704
558 876
559 1100
560 882
561 783
562 425
563 1045
564 417
565 838
566 607
567 607
568 710
569 607
570 428
571 847
572 1015
573 190
574 993
575 251
576 431
577 567
578 132
579 132
580 726
581 375
582 984
583 844
584 223
585 478
586 1030
587 432
588 953
589 648
590 213
591 860
592 48
593 217
594 253
595 1034
596 509
597 329
598 185
599 185
600 0
601 847
602 220
603 449
604 153
605 70
606 1122
607 202
608 1035
609 125
610 467
611 945
612 75
613 659
614 1114
615 515
616 258
617 64
618 802
619 659
620 929
621 988
622 731
623 24
624 268
625 727
626 205
627 137
628 814
629 58
630 195
631 129
632 869
633 61
634 453
635 984
636 947
637 869
638 392
639 197
640 784
641 73
642 977
643 308
644 789
645 127
646 750
647 26
648 441
649 794
650 530
651 530
652 1122
653 1122
654 1122
655 594
656 671
657 1025
658 27
659 712
660 263
661 108
662 417
663 1
664 920
665 588
666 881
667 943
668 371
669 381
670 815
671 1020
672 513
673 91
674 779
675 873
676 890
677 890
678 681
679 426
680 976
681 950
682 854
683 176
684 155
685 690
686 272
687 745
688 949
689 532
690 767
691 368
692 1005
693 364
694 620
695 933
696 778
697 235
698 868
699 164
700 317
701 666
702 120
703 177
704 753
705 651
706 19
707 494
708 162
709 162
710 56
711 829
712 974
713 408
714 423
715 592
716 825
717 921
718 62
719 729
720 1097
721 356
722 810
723 436
724 362
725 766
726 873
727 432
728 432
729 700
730 1102
731 426
732 539
733 216
734 128
735 369
736 504
737 283
738 247
739 707
740 1049
741 721
742 76
743 395
744 310
745 283
746 310
747 395
748 788
749 809
750 713
751 1107
752 1123
753 467
754 238
755 354
756 825
757 825
758 175
759 175
760 853
761 290
762 410
763 273
764 649
765 390
766 479
767 685
768 602
769 1040
770 1042
771 1112
772 501
773 1011
774 1050
775 1087
776 1081
777 552
778 552
779 825
780 375
781 903
782 1127
783 690
784 986
785 590
786 517
787 661
788 514
789 841
790 691
791 691
792 24
793 6
794 465
795 120
796 886
797 120
798 1111
799 1039
800 628
801 841
802 548
803 566
804 327
805 327
806 318
807 11
808 139
809 777
810 859
811 890
812 13
813 415
814 404
815 645
816 777
817 775
818 269
819 952
820 413
821 814
822 347
823 237
824 1024
825 1020
826 854
827 90
828 252
829 660
830 349
831 472
832 753
833 1128
834 655
835 12
836 225
837 1131
838 281
839 878
840 836
841 451
842 517
843 1059
844 805
845 30
846 190
847 190
848 975
849 861
850 594
851 819
852 861
853 991
854 102
855 20
856 20
857 487
858 302
859 302
860 298
861 135
862 45
863 45
864 878
865 521
866 641
867 566
868 806
869 907
870 667
871 373
872 1082
873 373
874 1009
875 829
876 1105
877 742
878 899
879 783
880 187
881 390
882 12
883 961
884 887
885 1039
886 77
887 39
888 147
889 1109
890 443
891 327
892 133
893 771
894 523
895 831
896 312
897 960
898 146
899 307
900 561
901 891
902 107
903 575
904 423
905 756
906 765
907 334
908 971
909 258
910 124
911 940
912 1013
913 930
914 804
915 762
916 884
917 968
918 814
919 1074
920 446
921 573
922 926
923 488
924 1004
925 177
926 9
927 572
928 572
929 1104
930 819
931 1083
932 230
933 177
934 104
935 870
936 420
937 370
938 913
939 537
940 1082
941 725
942 1037
943 725
944 589
945 725
946 782
947 226
948 127
949 172
950 733
951 281
952 679
953 952
954 1049
955 675
956 258
957 906
958 296
959 296
960 296
961 21
962 444
963 1013
964 1013
965 1013
966 294
967 752
968 688
969 123
970 1087
971 451
972 451
973 596
974 617
975 520
976 460
977 744
978 323
979 618
980 120
981 952
982 89
983 459
984 491
985 478
986 23
987 651
988 651
989 969
990 651
991 651
992 623
993 300
994 180
995 390
996 521
997 171
998 952
999 276
1000 1122
1001 1061
1002 690
1003 1089
1004 776
1005 565
1006 166
1007 461
1008 875
1009 443
1010 392
1011 43
1012 43
1013 1039
1014 86
1015 469
1016 180
1017 558
1018 559
1019 203
1020 137
1021 137
1022 137
1023 54
1024 875
1025 1119
1026 401
1027 394
1028 68
1029 243
1030 77
1031 705
1032 705
1033 84
1034 56
1035 717
1036 344
1037 217
1038 523
1039 635
1040 635
1041 824
1042 819
1043 182
1044 170
1045 197
1046 908
1047 1101
1048 321
1049 846
1050 995
1051 901
1052 734
1053 790
1054 1056
1055 826
1056 604
1057 1101
1058 453
1059 967
1060 986
1061 438
1062 438
1063 438
1064 212
1065 431
1066 87
1067 851
1068 313
1069 520
1070 735
1071 695
1072 814
1073 370
1074 58
1075 197
1076 85
1077 353
1078 603
1079 30
1080 6
1081 560
1082 474
1083 228
1084 1020
1085 593
1086 593
1087 277
1088 589
1089 119
1090 39
1091 309
1092 954
1093 1069
1094 1069
1095 954
1096 1069
1097 790
1098 790
1099 128
1100 1039
1101 713
1102 825
1103 586
1104 648
1105 648
1106 314
1107 890
1108 98
1109 1033
1110 1033
1111 650
1112 340
1113 708
1114 901
1115 312
1116 614
1117 457
1118 331
1119 461
1120 870
1121 627
1122 952
1123 318
1124 335
1125 910
1126 658
1127 77
1128 640
1129 260
1130 897
1131 313
1132 586
1133 418
1134 418
0 503
1 71
2 587
3 184
4 38
5 399
6 319
7 305
8 324
9 1003
10 546
11 58
12 800
13 360
14 471
15 699
16 163
17 19
18 764
19 996
20 808
21 154
22 837
23 894
24 1096
25 885
26 435
27 435
28 332
29 157
30 1023
31 582
32 109
33 615
34 1092
35 209
36 568
37 647
38 284
39 172
40 973
41 639
42 711
43 591
44 1063
45 1058
46 526
47 1116
48 210
49 210
50 714
51 389
52 996
53 442
54 149
55 896
56 341
57 261
58 69
59 1054
60 301
61 962
62 839
63 489
64 999
65 5
66 60
67 237
68 564
69 218
70 1079
71 640
72 265
73 813
74 453
75 306
76 1017
77 619
78 1134
79 687
80 760
81 872
82 740
83 345
84 554
85 1133
86 439
87 860
88 760
89 126
90 579
91 992
92 911
93 50
94 0
95 872
96 657
97 196
98 83
99 234
100 75
101 601
102 246
103 1040
104 195
105 270
106 701
107 545
108 512
109 803
110 333
111 869
112 324
113 409
114 409
115 519
116 1070
117 129
118 324
119 500
120 719
121 485
122 485
123 117
124 583
125 741
126 566
127 1122
128 679
129 827
130 731
131 832
132 42
133 315
134 611
135 867
136 812
137 1118
138 486
139 158
140 67
141 1076
142 78
143 370
144 191
145 1052
146 739
147 584
148 413
149 786
150 248
151 914
152 877
153 581
154 456
155 377
156 970
157 850
158 1114
159 638
160 480
161 429
162 174
163 291
164 208
165 222
166 380
167 877
168 800
169 845
170 275
171 621
172 562
173 290
174 433
175 365
176 238
177 49
178 211
179 400
180 493
181 493
182 1038
183 570
184 1072
185 682
186 128
187 722
188 448
189 375
190 1060
191 720
192 17
193 75
194 514
195 267
196 997
197 514
198 514
199 699
200 378
201 452
202 715
203 452
204 236
205 57
206 115
207 481
208 518
209 730
210 739
211 1062
212 797
213 1122
214 413
215 840
216 761
217 492
218 178
219 169
220 820
221 21
222 625
223 693
224 1066
225 770
226 891
227 1080
228 1080
229 1080
230 631
231 463
232 598
233 248
234 421
235 406
236 271
237 902
238 656
239 902
240 655
241 358
242 879
243 1085
244 540
245 794
246 663
247 235
248 1090
249 122
250 103
251 387
252 156
253 95
254 505
255 972
256 456
257 663
258 1122
259 667
260 1038
261 743
262 898
263 160
264 372
265 956
266 1121
267 413
268 606
269 422
270 708
271 273
272 156
273 669
274 737
275 47
276 147
277 110
278 317
279 527
280 678
281 686
282 983
283 473
284 147
285 184
286 495
287 843
288 595
289 1042
290 736
291 367
292 1001
293 65
294 946
295 1046
296 766
297 1065
298 464
299 576
300 1084
301 462
302 25
303 625
304 392
305 159
306 698
307 971
308 698
309 403
310 549
311 673
312 1130
313 670
314 1010
315 990
316 646
317 63
318 153
319 186
320 458
321 626
322 754
323 192
324 1095
325 304
326 1115
327 1032
328 230
329 59
330 366
331 833
332 297
333 709
334 28
335 161
336 1082
337 79
338 1031
339 151
340 359
341 226
342 26
343 18
344 30
345 221
346 328
347 31
348 172
349 184
350 524
351 526
352 322
353 1099
354 281
355 325
356 617
357 798
358 490
359 806
360 385
361 143
362 466
363 444
364 53
365 1013
366 940
367 536
368 986
369 258
370 1133
371 114
372 374
373 987
374 316
375 924
376 1084
377 1053
378 239
379 684
380 504
381 111
382 11
383 232
384 292
385 250
386 965
387 456
388 97
389 362
390 278
391 521
392 726
393 551
394 942
395 390
396 502
397 350
398 957
399 896
400 88
401 123
402 224
403 224
404 382
405 550
406 934
407 29
408 1047
409 634
410 517
411 723
412 264
413 692
414 835
415 391
416 975
417 565
418 215
419 22
420 622
421 716
422 823
423 528
424 39
425 925
426 962
427 773
428 608
429 16
430 385
431 283
432 228
433 941
434 454
435 577
436 1067
437 703
438 881
439 1055
440 444
441 941
442 1006
443 938
444 200
445 753
446 173
447 659
448 205
449 4
450 757
451 768
452 791
453 268
454 982
455 675
456 728
457 92
458 676
459 543
460 388
461 249
462 339
463 46
464 311
465 552
466 958
467 470
468 748
469 379
470 86
471 1119
472 164
473 164
474 116
475 980
476 112
477 407
478 772
479 931
480 772
481 112
482 1075
483 635
484 508
485 655
486 240
487 426
488 258
489 552
490 923
491 953
492 795
493 396
494 795
495 193
496 329
497 613
498 21
499 695
500 665
501 635
502 807
503 755
504 217
505 1082
506 680
507 152
508 1016
509 11
510 348
511 219
512 547
513 644
514 1057
515 771
516 852
517 642
518 995
519 858
520 525
521 525
522 797
523 630
524 80
525 245
526 846
527 557
528 724
529 995
530 1015
531 1113
532 632
533 933
534 323
535 255
536 966
537 489
538 828
539 712
540 223
541 811
542 629
543 629
544 970
545 198
546 412
547 849
548 1124
549 56
550 207
551 637
552 672
553 1088
554 704
555 165
556 482
557 704
558 876
559 1100
560 882
561 783
562 425
563 1045
564 417
565 838
566 607
567 607
568 710
569 607
570 428
571 847
572 1015
573 190
574 993
575 251
576 431
577 567
578 132
579 132
580 726
581 375
582 984
583 844
584 223
585 478
586 1030
587 432
588 953
589 648
590 213
591 860
592 48
593 217
594 253
595 1034
596 509
597 329
598 185
599 185
600 0
601 847
602 220
603 449
604 153
605 70
606 1122
607 202
608 1035
609 125
610 467
611 945
612 75
613 659
614 1114
615 515
616 258
617 64
618 802
619 659
620 929
621 988
622 731
623 24
624 268
625 727
626 205
627 137
628 814
629 58
630 195
631 129
632 869
633 61
634 453
635 984
636 947
637 869
638 392
639 197
640 784
641 73
642 977
643 308
644 789
645 127
646 750
647 26
648 441
649 794
650 530
651 530
652 1122
653 1122
654 1122
655 594
656 671
657 1025
658 27
659 712
660 263
661 108
662 417
663 1
664 920
665 588
666 881
667 943
668 371
669 381
670 815
671 1020
672 513
673 91
674 779
675 873
676 890
677 890
678 681
679 426
680 976
681 950
682 854
683 176
684 155
685 690
686 272
687 745
688 949
689 532
690 767
691 368
692 1005
693 364
694 620
695 933
696 778
697 235
698 868
699 164
700 317
701 666
702 120
703 177
704 753
705 651
706 19
707 494
708 162
709 162
710 56
711 829
712 974
713 408
714 423
715 592
716 825
717 921
718 62
719 729
720 1097
721 356
722 810
723 436
724 362
725 766
726 873
727 432
728 432
729 700
730 1102
731 426
732 539
733 216
734 128
735 369
736 504
737 283
738 247
739 707
740 1049
741 721
742 76
743 395
744 310
745 283
746 310
747 395
748 788
749 809
750 713
751 1107
752 1123
753 467
754 238
755 354
756 825
757 825
758 175
759 175
760 853
761 290
762 410
763 273
764 649
765 390
766 479
767 685
768 602
769 1040
770 1042
771 1112
772 501
773 1011
774 1050
775 1087
776 1081
777 552
778 552
779 825
780 375
781 903
782 1127
783 690
784 986
785 590
786 517
787 661
788 514
789 841
790 691
791 691
792 24
793 6
794 465
795 120
796 886
797 120
798 1111
799 1039
800 628
801 841
802 548
803 566
804 327
805 327
806 318
807 11
808 139
809 777
810 859
811 890
812 13
813 415
814 404
815 645
816 777
817 775
818 269
819 952
820 413
821 814
822 347
823 237
824 1024
825 1020
826 854
827 90
828 252
829 660
830 349
831 472
832 753
833 1128
834 655
835 12
836 225
837 1131
838 281
839 878
840 836
841 451
842 517
843 1059
844 805
845 30
846 190
847 190
848 975
849 861
850 594
851 819
852 861
853 991
854 102
855 20
856 20
857 487
858 302
859 302
860 298
861 135
862 45
863 45
864 878
865 521
866 641
867 566
868 806
869 907
870 667
871 373
872 1082
873 373
874 1009
875 829
876 1105
877 742
878 899
879 783
880 187
881 390
882 12
883 961
884 887
885 1039
886 77
887 39
888 147
889 1109
890 443
891 327
892 133
893 771
894 523
895 831
896 312
897 960
898 146
899 307
900 561
901 891
902 107
903 575
904 423
905 756
906 765
907 334
908 971
909 258
910 124
911 940
912 1013
913 930
914 804
915 762
916 884
917 968
918 814
919 1074
920 446
921 573
922 926
923 488
924 1004
925 177
926 9
927 572
928 572
929 1104
930 819
931 1083
932 230
933 177
934 104
935 870
936 420
937 370
938 913
939 537
940 1082
941 725
942 1037
943 725
944 589
945 725
946 782
947 226
948 127
949 172
950 733
951 281
952 679
953 952
954 1049
955 675
956 258
957 906
958 296
959 296
960 296
961 21
962 444
963 1013
964 1013
965 1013
966 294
967 752
968 688
969 123
970 1087
971 451
972 451
973 596
974 617
975 520
976 460
977 744
978 323
979 618
980 120
981 952
982 89
983 459
984 491
985 478
986 23
987 651
988 651
989 969
990 651
991 651
992 623
993 300
994 180
995 390
996 521
997 171
998 952
999 276
1000 1122
1001 1061
1002 690
1003 1089
1004 776
1005 565
1006 166
1007 461
1008 875
1009 443
1010 392
1011 43
1012 43
1013 1039
1014 86
1015 469
1016 180
1017 558
1018 559
1019 203
1020 137
1021 137
1022 137
1023 54
1024 875
1025 1119
1026 401
1027 394
1028 68
1029 243
1030 77
1031 705
1032 705
1033 84
1034 56
1035 717
1036 344
1037 217
1038 523
1039 635
1040 635
1041 824
1042 819
1043 182
1044 170
1045 197
1046 908
1047 1101
1048 321
1049 846
1050 995
1051 901
1052 734
1053 790
1054 1056
1055 826
1056 604
1057 1101
1058 453
1059 967
1060 986
1061 438
1062 438
1063 438
1064 212
1065 431
1066 87
1067 851
1068 313
1069 520
1070 735
1071 695
1072 814
1073 370
1074 58
1075 197
1076 85
1077 353
1078 603
1079 30
1080 6
1081 560
1082 474
1083 228
1084 1020
1085 593
1086 593
1087 277
1088 589
1089 119
1090 39
1091 309
1092 954
1093 1069
1094 1069
1095 954
1096 1069
1097 790
1098 790
1099 128
1100 1039
1101 713
1102 825
1103 586
1104 648
1105 648
1106 314
1107 890
1108 98
1109 1033
1110 1033
1111 650
1112 340
1113 708
1114 901
1115 312
1116 614
1117 457
1118 331
1119 461
1120 870
1121 627
1122 952
1123 318
1124 335
1125 910
1126 658
1127 77
1128 640
1129 260
1130 897
1131 313
1132 586
1133 418
1134 418
