520 614
793 562
497 57
1108 398
33 932
102 540
1020 916
552 281
484 439
762 383
471 725
25 612
115 137
348 53
454 241
524 780
787 985
966 217
1077 543
510 570
312 889
462 865
459 606
176 946
406 411
920 230
686 617
46 338
1129 265
98 1028
45 418
58 280
1046 54
673 193
489 344
495 728
63 412
1044 466
614 516
86 563
578 174
889 602
989 132
448 674
581 1021
97 873
558 801
26 174
37 715
362 766
802 750
427 685
617 414
469 626
67 147
1116 968
712 147
691 613
503 554
174 943
1065 457
997 562
194 618
175 667
533 491
271 427
1029 35
242 405
822 961
694 202
124 223
676 148
218 136
1042 288
329 519
328 826
87 892
1101 232
160 308
480 224
151 882
618 700
327 554
935 611
394 64
942 131
99 915
490 422
136 256
571 475