520 525
793 6
497 613
1108 98
33 615
102 246
1020 723
552 672
484 508
762 410
471 1119
25 885
115 519
348 172
454 982
524 80
787 560
966 294
1077 353
510 348
312 1130
462 339
459 543
176 238
406 934
920 446
686 272
46 526
1129 260
98 83
45 1058
58 69
1046 908
673 91
489 552
495 193
63 489
1044 170
614 1114
86 439
578 132
889 1109
989 969
448 205
581 375
97 196
558 876
26 435
37 647
362 466
802 548
427 773
617 64
469 379
67 237
1116 533
712 974
691 368
503 755
174 433
1065 15
997 171
194 643
175 365
533 933
271 273
1029 243
242 879
822 347
694 620
124 583
676 890
218 178
1042 819
329 59
328 106
87 860
1101 1041
160 480
480 55
151 914
618 802
327 1032
935 870
394 942
942 1037
99 234
490 923
136 812
571 847